Buffer : 10
File 1 : lambda = 4 , Mu = 0.45 , charge = 0.89
File 2 : lambda = 2 , Mu = 2    , charge = 0.1 

   gama		Nv1		 Nv2    Nv1+Nv2   (0,*)    (*,0)   Ɣ  β  α    E(s1)      E(s2)     Elb     Etotale
0.000000 7.442161 1.000000 8.442161 0.000051 0.367182 93 27 100 168.479593 96.700000 0.000000 265.179593 (Cette ligne représente le modele Sans Lb)
0.500000 7.423228 1.079313 8.502541 0.000061 0.317252 93 27 100 168.147036 97.079061 0.793130 266.019227
1.000000 7.254962 1.139534 8.394496 0.000092 0.278977 93 27 100 165.222865 97.375281 1.394886 263.993490
1.500000 7.117272 1.186736 8.304008 0.000124 0.248900 93 27 100 162.872189 97.612532 1.866746 262.352087
2.000000 7.002792 1.224654 8.227445 0.000134 0.224654 93 27 100 160.946628 97.806341 2.246536 261.000844
2.500000 6.905907 1.255851 8.161758 0.000162 0.204681 93 27 100 159.337497 97.967962 2.558516 259.865596
3.000000 6.823171 1.281858 8.105029 0.000166 0.187961 93 27 100 157.978217 98.104178 2.819411 258.904290
3.500000 6.751464 1.303960 8.055423 0.000189 0.173745 93 27 100 156.811214 98.221001 3.040542 258.075596
4.000000 6.689027 1.322864 8.011891 0.000188 0.161526 93 27 100 155.803462 98.321700 3.230518 257.359441
4.500000 6.633929 1.339313 7.973242 0.000207 0.150898 93 27 100 154.920615 98.409905 3.395206 256.729874
5.000000 6.585232 1.353652 7.938884 0.000203 0.141583 93 27 100 154.145412 98.487232 3.539563 256.177283
5.500000 6.541641 1.366356 7.907997 0.000219 0.133340 93 27 100 153.455499 98.556090 3.666846 255.683909
6.000000 6.502656 1.377592 7.880248 0.000213 0.126006 93 27 100 152.841707 98.617255 3.780169 255.245510
6.500000 6.467351 1.387690 7.855041 0.000226 0.119428 93 27 100 152.288476 98.672447 3.881418 254.849113
7.000000 6.435470 1.396724 7.832194 0.000218 0.113506 93 27 100 151.791045 98.721992 3.972694 254.493368
7.500000 6.406320 1.404938 7.811258 0.000229 0.108136 93 27 100 151.337997 98.767186 4.055113 254.168313
8.000000 6.379785 1.412355 7.792140 0.000221 0.103254 93 27 100 150.927077 98.808105 4.130176 253.874192
8.500000 6.355326 1.419165 7.774490 0.000230 0.098789 93 27 100 150.549542 98.845772 4.198545 253.603056
9.000000 6.332910 1.425359 7.758269 0.000221 0.094697 93 27 100 150.204604 98.880119 4.261345 253.356032
9.500000 6.312104 1.431094 7.743198 0.000229 0.090925 93 27 100 149.885336 98.911982 4.318957 253.126583
10.000000 6.292926 1.436344 7.729270 0.000221 0.087445 93 27 100 149.591819 98.941212 4.372260 252.916316
