  gama		Nv1		 Nv2   Ɣ   β  α    E(s1)      E(s2)     Elb     Etotale
0.000000 7.442161 1.000000 93 127 0 187.515443 105.699999 0.000000 293.215442
0.000000 7.442161 1.000000 93 117 10 185.611858 104.799999 0.000000 290.411857
0.000000 7.442161 1.000000 93 107 20 183.708273 103.899999 0.000000 287.608272
0.000000 7.442161 1.000000 93 97 30 181.804688 102.999999 0.000000 284.804687
0.000000 7.442161 1.000000 93 87 40 179.901103 102.099999 0.000000 282.001102
0.000000 7.442161 1.000000 93 77 50 177.997518 101.199999 0.000000 279.197517
0.000000 7.442161 1.000000 93 67 60 176.093933 100.299999 0.000000 276.393932
0.000000 7.442161 1.000000 93 57 70 174.190348 99.399999 0.000000 273.590347
0.000000 7.442161 1.000000 93 47 80 172.286763 98.499999 0.000000 270.786763
0.000000 7.442161 1.000000 93 37 90 170.383178 97.599999 0.000000 267.983178
0.000000 7.442161 1.000000 93 27 100 168.479593 96.700000 0.000000 265.179593
0.000000 7.442161 1.000000 93 17 110 166.576008 95.800000 0.000000 262.376008
0.500000 7.423228 1.079313 93 127 0 187.275000 106.707274 0.793130 294.775403
0.500000 7.423228 1.079313 93 117 10 185.362204 105.744452 0.793130 291.899786
0.500000 7.423228 1.079313 93 107 20 183.449407 104.781631 0.793130 289.024168
0.500000 7.423228 1.079313 93 97 30 181.536611 103.818810 0.793130 286.148550
0.500000 7.423228 1.079313 93 87 40 179.623814 102.855989 0.793130 283.272933
0.500000 7.423228 1.079313 93 77 50 177.711018 101.893167 0.793130 280.397315
0.500000 7.423228 1.079313 93 67 60 175.798221 100.930346 0.793130 277.521697
0.500000 7.423228 1.079313 93 57 70 173.885425 99.967525 0.793130 274.646080
0.500000 7.423228 1.079313 93 47 80 171.972628 99.004704 0.793130 271.770462
0.500000 7.423228 1.079313 93 37 90 170.059832 98.041882 0.793130 268.894844
0.500000 7.423228 1.079313 93 27 100 168.147036 97.079061 0.793130 266.019227
0.500000 7.423228 1.079313 93 17 110 166.234239 96.116240 0.793130 263.143609
1.000000 7.254962 1.139534 93 127 0 185.138013 107.472086 1.394886 294.005443
1.000000 7.254962 1.139534 93 117 10 183.146498 106.462405 1.394886 291.004248
1.000000 7.254962 1.139534 93 107 20 181.154983 105.452725 1.394886 288.003052
1.000000 7.254962 1.139534 93 97 30 179.163468 104.443044 1.394886 285.001857
1.000000 7.254962 1.139534 93 87 40 177.171954 103.433364 1.394886 282.000662
1.000000 7.254962 1.139534 93 77 50 175.180439 102.423683 1.394886 278.999467
1.000000 7.254962 1.139534 93 67 60 173.188924 101.414003 1.394886 275.998271
1.000000 7.254962 1.139534 93 57 70 171.197409 100.404323 1.394886 272.997076
1.000000 7.254962 1.139534 93 47 80 169.205894 99.394642 1.394886 269.995881
1.000000 7.254962 1.139534 93 37 90 167.214380 98.384962 1.394886 266.994685
1.000000 7.254962 1.139534 93 27 100 165.222865 97.375281 1.394886 263.993490
1.000000 7.254962 1.139534 93 17 110 163.231350 96.365601 1.394886 260.992295
1.500000 7.117272 1.186736 93 127 0 183.389350 108.071553 1.866746 293.328269
1.500000 7.117272 1.186736 93 117 10 181.337634 107.025651 1.866746 290.230651
1.500000 7.117272 1.186736 93 107 20 179.285918 105.979749 1.866746 287.133033
1.500000 7.117272 1.186736 93 97 30 177.234201 104.933847 1.866746 284.035415
1.500000 7.117272 1.186736 93 87 40 175.182485 103.887945 1.866746 280.937796
1.500000 7.117272 1.186736 93 77 50 173.130769 102.842043 1.866746 277.840178
1.500000 7.117272 1.186736 93 67 60 171.079053 101.796141 1.866746 274.742560
1.500000 7.117272 1.186736 93 57 70 169.027337 100.750238 1.866746 271.644942
1.500000 7.117272 1.186736 93 47 80 166.975621 99.704336 1.866746 268.547323
1.500000 7.117272 1.186736 93 37 90 164.923905 98.658434 1.866746 265.449705
1.500000 7.117272 1.186736 93 27 100 162.872189 97.612532 1.866746 262.352087
1.500000 7.117272 1.186736 93 17 110 160.820473 96.566630 1.866746 259.254469
2.000000 7.002792 1.224654 93 127 0 181.935454 108.553100 2.246536 292.736429
2.000000 7.002792 1.224654 93 117 10 179.836571 107.478424 2.246536 289.562870
2.000000 7.002792 1.224654 93 107 20 177.737689 106.403748 2.246536 286.389312
2.000000 7.002792 1.224654 93 97 30 175.638806 105.329072 2.246536 283.215754
2.000000 7.002792 1.224654 93 87 40 173.539924 104.254396 2.246536 280.042195
2.000000 7.002792 1.224654 93 77 50 171.441041 103.179720 2.246536 276.868637
2.000000 7.002792 1.224654 93 67 60 169.342158 102.105044 2.246536 273.695078
2.000000 7.002792 1.224654 93 57 70 167.243276 101.030368 2.246536 270.521520
2.000000 7.002792 1.224654 93 47 80 165.144393 99.955692 2.246536 267.347961
2.000000 7.002792 1.224654 93 37 90 163.045511 98.881017 2.246536 264.174403
2.000000 7.002792 1.224654 93 27 100 160.946628 97.806341 2.246536 261.000844
2.000000 7.002792 1.224654 93 17 110 158.847746 96.731665 2.246536 257.827286
2.500000 6.905907 1.255851 93 127 0 180.705016 108.949313 2.558516 292.214467
2.500000 6.905907 1.255851 93 117 10 178.568265 107.851178 2.558516 288.979579
2.500000 6.905907 1.255851 93 107 20 176.431513 106.753043 2.558516 285.744692
2.500000 6.905907 1.255851 93 97 30 174.294761 105.654908 2.558516 282.509805
2.500000 6.905907 1.255851 93 87 40 172.158009 104.556773 2.558516 279.274918
2.500000 6.905907 1.255851 93 77 50 170.021257 103.458637 2.558516 276.040031
2.500000 6.905907 1.255851 93 67 60 167.884505 102.360502 2.558516 272.805144
2.500000 6.905907 1.255851 93 57 70 165.747753 101.262367 2.558516 269.570257
2.500000 6.905907 1.255851 93 47 80 163.611001 100.164232 2.558516 266.335370
2.500000 6.905907 1.255851 93 37 90 161.474249 99.066097 2.558516 263.100483
2.500000 6.905907 1.255851 93 27 100 159.337497 97.967962 2.558516 259.865596
2.500000 6.905907 1.255851 93 17 110 157.200745 96.869827 2.558516 256.630709
3.000000 6.823171 1.281858 93 127 0 179.654266 109.279599 2.819411 291.755761
3.000000 6.823171 1.281858 93 117 10 177.486661 108.162057 2.819411 288.470614
3.000000 6.823171 1.281858 93 107 20 175.319056 107.044515 2.819411 285.185466
3.000000 6.823171 1.281858 93 97 30 173.151451 105.926973 2.819411 281.900319
3.000000 6.823171 1.281858 93 87 40 170.983846 104.809431 2.819411 278.615172
3.000000 6.823171 1.281858 93 77 50 168.816241 103.691888 2.819411 275.330025
3.000000 6.823171 1.281858 93 67 60 166.648636 102.574346 2.819411 272.044878
3.000000 6.823171 1.281858 93 57 70 164.481031 101.456804 2.819411 268.759731
3.000000 6.823171 1.281858 93 47 80 162.313426 100.339262 2.819411 265.474584
3.000000 6.823171 1.281858 93 37 90 160.145821 99.221720 2.819411 262.189437
3.000000 6.823171 1.281858 93 27 100 157.978217 98.104178 2.819411 258.904290
3.000000 6.823171 1.281858 93 17 110 155.810612 96.986635 2.819411 255.619143
3.500000 6.751464 1.303960 93 127 0 178.743589 109.560286 3.040542 291.347255
3.500000 6.751464 1.303960 93 117 10 176.550352 108.426357 3.040542 288.020090
3.500000 6.751464 1.303960 93 107 20 174.357114 107.292429 3.040542 284.692924
3.500000 6.751464 1.303960 93 97 30 172.163877 106.158500 3.040542 281.365758
3.500000 6.751464 1.303960 93 87 40 169.970639 105.024572 3.040542 278.038592
3.500000 6.751464 1.303960 93 77 50 167.777402 103.890643 3.040542 274.711426
3.500000 6.751464 1.303960 93 67 60 165.584164 102.756715 3.040542 271.384260
3.500000 6.751464 1.303960 93 57 70 163.390927 101.622786 3.040542 268.057094
3.500000 6.751464 1.303960 93 47 80 161.197689 100.488858 3.040542 264.729928
3.500000 6.751464 1.303960 93 37 90 159.004452 99.354930 3.040542 261.402762
3.500000 6.751464 1.303960 93 27 100 156.811214 98.221001 3.040542 258.075596
3.500000 6.751464 1.303960 93 17 110 154.617977 97.087073 3.040542 254.748430
4.000000 6.689027 1.322864 93 127 0 177.950648 109.800369 3.230518 290.985295
4.000000 6.689027 1.322864 93 117 10 175.735930 108.652502 3.230518 287.622710
4.000000 6.689027 1.322864 93 107 20 173.521211 107.504635 3.230518 284.260124
4.000000 6.689027 1.322864 93 97 30 171.306492 106.356768 3.230518 280.897539
4.000000 6.689027 1.322864 93 87 40 169.091774 105.208902 3.230518 277.534953
4.000000 6.689027 1.322864 93 77 50 166.877055 104.061035 3.230518 274.172368
4.000000 6.689027 1.322864 93 67 60 164.662337 102.913168 3.230518 270.809782
4.000000 6.689027 1.322864 93 57 70 162.447618 101.765301 3.230518 267.447197
4.000000 6.689027 1.322864 93 47 80 160.232899 100.617434 3.230518 264.084612
4.000000 6.689027 1.322864 93 37 90 158.018181 99.469567 3.230518 260.722026
4.000000 6.689027 1.322864 93 27 100 155.803462 98.321700 3.230518 257.359441
4.000000 6.689027 1.322864 93 17 110 153.588743 97.173833 3.230518 253.996855
4.500000 6.633929 1.339313 93 127 0 177.250892 110.009276 3.395206 290.659523
4.500000 6.633929 1.339313 93 117 10 175.017865 108.849339 3.395206 287.266558
4.500000 6.633929 1.339313 93 107 20 172.784837 107.689402 3.395206 283.873593
4.500000 6.633929 1.339313 93 97 30 170.551809 106.529465 3.395206 280.480628
4.500000 6.633929 1.339313 93 87 40 168.318781 105.369528 3.395206 277.087663
4.500000 6.633929 1.339313 93 77 50 166.085754 104.209591 3.395206 273.694698
4.500000 6.633929 1.339313 93 67 60 163.852726 103.049653 3.395206 270.301734
4.500000 6.633929 1.339313 93 57 70 161.619698 101.889716 3.395206 266.908769
4.500000 6.633929 1.339313 93 47 80 159.386670 100.729779 3.395206 263.515804
4.500000 6.633929 1.339313 93 37 90 157.153643 99.569842 3.395206 260.122839
4.500000 6.633929 1.339313 93 27 100 154.920615 98.409905 3.395206 256.729874
4.500000 6.633929 1.339313 93 17 110 152.687587 97.249968 3.395206 253.336909
5.000000 6.585232 1.353652 93 127 0 176.632450 110.191376 3.539563 290.368465
5.000000 6.585232 1.353652 93 117 10 174.383746 109.020961 3.539563 286.949347
5.000000 6.585232 1.353652 93 107 20 172.135043 107.850547 3.539563 283.530229
5.000000 6.585232 1.353652 93 97 30 169.886339 106.680133 3.539563 280.111111
5.000000 6.585232 1.353652 93 87 40 167.637635 105.509718 3.539563 276.691993
5.000000 6.585232 1.353652 93 77 50 165.388931 104.339304 3.539563 273.272874
5.000000 6.585232 1.353652 93 67 60 163.140227 103.168890 3.539563 269.853756
5.000000 6.585232 1.353652 93 57 70 160.891523 101.998475 3.539563 266.434638
5.000000 6.585232 1.353652 93 47 80 158.642819 100.828061 3.539563 263.015520
5.000000 6.585232 1.353652 93 37 90 156.394116 99.657646 3.539563 259.596402
5.000000 6.585232 1.353652 93 27 100 154.145412 98.487232 3.539563 256.177283
5.000000 6.585232 1.353652 93 17 110 151.896708 97.316818 3.539563 252.758165
5.500000 6.541641 1.366356 93 127 0 176.078842 110.352721 3.666846 290.103883
5.500000 6.541641 1.366356 93 117 10 173.816507 109.173058 3.666846 286.661886
5.500000 6.541641 1.366356 93 107 20 171.554173 107.993395 3.666846 283.219888
5.500000 6.541641 1.366356 93 97 30 169.291839 106.813732 3.666846 279.777891
5.500000 6.541641 1.366356 93 87 40 167.029505 105.634069 3.666846 276.335894
5.500000 6.541641 1.366356 93 77 50 164.767170 104.454405 3.666846 272.893896
5.500000 6.541641 1.366356 93 67 60 162.504836 103.274742 3.666846 269.451899
5.500000 6.541641 1.366356 93 57 70 160.242502 102.095079 3.666846 266.009901
5.500000 6.541641 1.366356 93 47 80 157.980168 100.915416 3.666846 262.567904
5.500000 6.541641 1.366356 93 37 90 155.717833 99.735753 3.666846 259.125907
5.500000 6.541641 1.366356 93 27 100 153.455499 98.556090 3.666846 255.683909
5.500000 6.541641 1.366356 93 17 110 151.193165 97.376427 3.666846 252.241912
6.000000 6.502656 1.377592 93 127 0 175.583732 110.495412 3.780169 289.865691
6.000000 6.502656 1.377592 93 117 10 173.309529 109.307596 3.780169 286.403673
6.000000 6.502656 1.377592 93 107 20 171.035327 108.119781 3.780169 282.941655
6.000000 6.502656 1.377592 93 97 30 168.761124 106.931965 3.780169 279.479637
6.000000 6.502656 1.377592 93 87 40 166.486922 105.744149 3.780169 276.017618
6.000000 6.502656 1.377592 93 77 50 164.212719 104.556334 3.780169 272.555600
6.000000 6.502656 1.377592 93 67 60 161.938517 103.368518 3.780169 269.093582
6.000000 6.502656 1.377592 93 57 70 159.664314 102.180702 3.780169 265.631564
6.000000 6.502656 1.377592 93 47 80 157.390112 100.992887 3.780169 262.169546
6.000000 6.502656 1.377592 93 37 90 155.115909 99.805071 3.780169 258.707528
6.000000 6.502656 1.377592 93 27 100 152.841707 98.617255 3.780169 255.245510
6.000000 6.502656 1.377592 93 17 110 150.567504 97.429440 3.780169 251.783491
6.500000 6.467351 1.387690 93 127 0 175.135357 110.623665 3.881418 289.647212
6.500000 6.467351 1.387690 93 117 10 172.850669 109.428543 3.881418 286.167402
6.500000 6.467351 1.387690 93 107 20 170.565981 108.233422 3.881418 282.687592
6.500000 6.467351 1.387690 93 97 30 168.281292 107.038300 3.881418 279.207782
6.500000 6.467351 1.387690 93 87 40 165.996604 105.843178 3.881418 275.727973
6.500000 6.467351 1.387690 93 77 50 163.711916 104.648056 3.881418 272.248163
6.500000 6.467351 1.387690 93 67 60 161.427228 103.452935 3.881418 268.768353
6.500000 6.467351 1.387690 93 57 70 159.142540 102.257813 3.881418 265.288543
6.500000 6.467351 1.387690 93 47 80 156.857852 101.062691 3.881418 261.808733
6.500000 6.467351 1.387690 93 37 90 154.573164 99.867569 3.881418 258.328923
6.500000 6.467351 1.387690 93 27 100 152.288476 98.672447 3.881418 254.849113
6.500000 6.467351 1.387690 93 17 110 150.003787 97.477326 3.881418 251.369303
7.000000 6.435470 1.396724 93 127 0 174.730471 110.738392 3.972694 289.449194
7.000000 6.435470 1.396724 93 117 10 172.436528 109.536752 3.972694 285.953611
7.000000 6.435470 1.396724 93 107 20 170.142586 108.335112 3.972694 282.458028
7.000000 6.435470 1.396724 93 97 30 167.848643 107.133472 3.972694 278.962446
7.000000 6.435470 1.396724 93 87 40 165.554701 105.931832 3.972694 275.466863
7.000000 6.435470 1.396724 93 77 50 163.260758 104.730192 3.972694 271.971281
7.000000 6.435470 1.396724 93 67 60 160.966816 103.528552 3.972694 268.475698
7.000000 6.435470 1.396724 93 57 70 158.672873 102.326912 3.972694 264.980115
7.000000 6.435470 1.396724 93 47 80 156.378931 101.125272 3.972694 261.484533
7.000000 6.435470 1.396724 93 37 90 154.084988 99.923632 3.972694 257.988950
7.000000 6.435470 1.396724 93 27 100 151.791045 98.721992 3.972694 254.493368
7.000000 6.435470 1.396724 93 17 110 149.497103 97.520352 3.972694 250.997785
7.500000 6.406320 1.404938 93 127 0 174.360262 110.842719 4.055113 289.266111
7.500000 6.406320 1.404938 93 117 10 172.058035 109.635165 4.055113 285.756331
7.500000 6.406320 1.404938 93 107 20 169.755809 108.427612 4.055113 282.246551
7.500000 6.406320 1.404938 93 97 30 167.453582 107.220059 4.055113 278.736771
7.500000 6.406320 1.404938 93 87 40 165.151356 106.012506 4.055113 275.226992
7.500000 6.406320 1.404938 93 77 50 162.849129 104.804952 4.055113 271.717212
7.500000 6.406320 1.404938 93 67 60 160.546903 103.597399 4.055113 268.207432
7.500000 6.406320 1.404938 93 57 70 158.244677 102.389846 4.055113 264.697652
7.500000 6.406320 1.404938 93 47 80 155.942450 101.182293 4.055113 261.187873
7.500000 6.406320 1.404938 93 37 90 153.640224 99.974739 4.055113 257.678093
7.500000 6.406320 1.404938 93 27 100 151.337997 98.767186 4.055113 254.168313
7.500000 6.406320 1.404938 93 17 110 149.035771 97.559633 4.055113 250.658534
8.000000 6.379785 1.412355 93 127 0 174.023270 110.936908 4.130176 289.099188
8.000000 6.379785 1.412355 93 117 10 171.713651 109.724027 4.130176 285.576688
8.000000 6.379785 1.412355 93 107 20 169.404032 108.511147 4.130176 282.054189
8.000000 6.379785 1.412355 93 97 30 167.094412 107.298267 4.130176 278.531689
8.000000 6.379785 1.412355 93 87 40 164.784793 106.085386 4.130176 275.009190
8.000000 6.379785 1.412355 93 77 50 162.475174 104.872506 4.130176 271.486690
8.000000 6.379785 1.412355 93 67 60 160.165554 103.659626 4.130176 267.964190
8.000000 6.379785 1.412355 93 57 70 157.855935 102.446746 4.130176 264.441691
8.000000 6.379785 1.412355 93 47 80 155.546316 101.233865 4.130176 260.919191
8.000000 6.379785 1.412355 93 37 90 153.236696 100.020985 4.130176 257.396692
8.000000 6.379785 1.412355 93 27 100 150.927077 98.808105 4.130176 253.874192
8.000000 6.379785 1.412355 93 17 110 148.617458 97.595224 4.130176 250.351692
8.500000 6.355326 1.419165 93 127 0 173.712635 111.023389 4.198545 288.943766
8.500000 6.355326 1.419165 93 117 10 171.396325 109.805628 4.198545 285.409695
8.500000 6.355326 1.419165 93 107 20 169.080016 108.587866 4.198545 281.875624
8.500000 6.355326 1.419165 93 97 30 166.763707 107.370104 4.198545 278.341553
8.500000 6.355326 1.419165 93 87 40 164.447398 106.152342 4.198545 274.807482
8.500000 6.355326 1.419165 93 77 50 162.131088 104.934581 4.198545 271.273411
8.500000 6.355326 1.419165 93 67 60 159.814779 103.716819 4.198545 267.739340
8.500000 6.355326 1.419165 93 57 70 157.498470 102.499057 4.198545 264.205269
8.500000 6.355326 1.419165 93 47 80 155.182161 101.281296 4.198545 260.671198
8.500000 6.355326 1.419165 93 37 90 152.865851 100.063534 4.198545 257.137127
8.500000 6.355326 1.419165 93 27 100 150.549542 98.845772 4.198545 253.603056
8.500000 6.355326 1.419165 93 17 110 148.233233 97.628010 4.198545 250.068985
9.000000 6.332910 1.425359 93 127 0 173.427955 111.102063 4.261345 288.801327
9.000000 6.332910 1.425359 93 117 10 171.105620 109.879869 4.261345 285.256798
9.000000 6.332910 1.425359 93 107 20 168.783285 108.657674 4.261345 281.712268
9.000000 6.332910 1.425359 93 97 30 166.460950 107.435480 4.261345 278.167739
9.000000 6.332910 1.425359 93 87 40 164.138615 106.213286 4.261345 274.623209
9.000000 6.332910 1.425359 93 77 50 161.816279 104.991091 4.261345 271.078680
9.000000 6.332910 1.425359 93 67 60 159.493944 103.768897 4.261345 267.534150
9.000000 6.332910 1.425359 93 57 70 157.171609 102.546702 4.261345 263.989620
9.000000 6.332910 1.425359 93 47 80 154.849274 101.324508 4.261345 260.445091
9.000000 6.332910 1.425359 93 37 90 152.526939 100.102314 4.261345 256.900561
9.000000 6.332910 1.425359 93 27 100 150.204604 98.880119 4.261345 253.356032
9.000000 6.332910 1.425359 93 17 110 147.882269 97.657925 4.261345 249.811502
9.500000 6.312104 1.431094 93 127 0 173.163719 111.174891 4.318957 288.667874
9.500000 6.312104 1.431094 93 117 10 170.835881 109.948600 4.318957 285.113745
9.500000 6.312104 1.431094 93 107 20 168.508042 108.722309 4.318957 281.559616
9.500000 6.312104 1.431094 93 97 30 166.180204 107.496018 4.318957 278.005487
9.500000 6.312104 1.431094 93 87 40 163.852366 106.269727 4.318957 274.451358
9.500000 6.312104 1.431094 93 77 50 161.524527 105.043437 4.318957 270.897229
9.500000 6.312104 1.431094 93 67 60 159.196689 103.817146 4.318957 267.343099
9.500000 6.312104 1.431094 93 57 70 156.868851 102.590855 4.318957 263.788970
9.500000 6.312104 1.431094 93 47 80 154.541012 101.364564 4.318957 260.234841
9.500000 6.312104 1.431094 93 37 90 152.213174 100.138273 4.318957 256.680712
9.500000 6.312104 1.431094 93 27 100 149.885336 98.911982 4.318957 253.126583
9.500000 6.312104 1.431094 93 17 110 147.557497 97.685692 4.318957 249.572454
10.000000 6.292926 1.436344 93 127 0 172.920161 111.241566 4.372260 288.545013
10.000000 6.292926 1.436344 93 117 10 170.587327 110.011530 4.372260 284.982143
10.000000 6.292926 1.436344 93 107 20 168.254493 108.781495 4.372260 281.419274
10.000000 6.292926 1.436344 93 97 30 165.921659 107.551460 4.372260 277.856404
10.000000 6.292926 1.436344 93 87 40 163.588825 106.321424 4.372260 274.293534
10.000000 6.292926 1.436344 93 77 50 161.255990 105.091389 4.372260 270.730665
10.000000 6.292926 1.436344 93 67 60 158.923156 103.861353 4.372260 267.167795
10.000000 6.292926 1.436344 93 57 70 156.590322 102.631318 4.372260 263.604925
10.000000 6.292926 1.436344 93 47 80 154.257488 101.401282 4.372260 260.042056
10.000000 6.292926 1.436344 93 37 90 151.924653 100.171247 4.372260 256.479186
10.000000 6.292926 1.436344 93 27 100 149.591819 98.941212 4.372260 252.916316
10.000000 6.292926 1.436344 93 17 110 147.258985 97.711176 4.372260 249.353447
