Buffer : 10
File 1 : lambda = 4 , Mu = 0.45 , charge = 0.89
File 2 : lambda = 5 , Mu = 1    , charge = 0.5 

   gama		Nv1		 Nv2    Nv1+Nv2   (0,*)    (*,0)   Ɣ  β   α      E(s1)      E(s2)     Elb     Etotale
0.000000 7.442161 4.908077 12.350238 0.000184 0.006819 93 27 100 168.479593 130.341030 0.000000 298.820623 (Cette ligne représente le modele Sans Lb)
0.500000 7.441790 4.911123 12.352913 0.000184 0.006205 93 27 100 168.473069 130.379158 0.015513 298.867741
1.000000 7.438686 4.913664 12.352350 0.000151 0.005691 93 27 100 168.418500 130.410982 0.028456 298.858692
1.500000 7.435804 4.915815 12.351619 0.000152 0.005255 93 27 100 168.367854 130.437941 0.039415 298.845970
2.000000 7.433507 4.917544 12.351051 0.000127 0.004882 93 27 100 168.327498 130.459608 0.048823 298.837203
2.500000 7.431342 4.919144 12.350486 0.000128 0.004558 93 27 100 168.289474 130.479666 0.056976 298.827399
3.000000 7.429575 4.920460 12.350035 0.000111 0.004275 93 27 100 168.258434 130.496172 0.064120 298.820385
3.500000 7.427889 4.921696 12.349585 0.000111 0.004024 93 27 100 168.228833 130.511676 0.070422 298.812598
4.000000 7.426487 4.922732 12.349219 0.000098 0.003802 93 27 100 168.204223 130.524665 0.076032 298.806874
4.500000 7.425137 4.923715 12.348852 0.000098 0.003602 93 27 100 168.180523 130.537006 0.081048 298.800539
5.000000 7.423998 4.924551 12.348549 0.000088 0.003423 93 27 100 168.160536 130.547490 0.085569 298.795784
5.500000 7.422892 4.925352 12.348244 0.000088 0.003260 93 27 100 168.141131 130.557546 0.089657 298.790531
6.000000 7.421948 4.926041 12.347989 0.000079 0.003113 93 27 100 168.124577 130.566186 0.093378 298.786522
6.500000 7.421026 4.926706 12.347732 0.000080 0.002978 93 27 100 168.108397 130.574537 0.096773 298.782095
7.000000 7.420232 4.927283 12.347514 0.000073 0.002854 93 27 100 168.094462 130.581779 0.099890 298.778671
7.500000 7.419451 4.927844 12.347295 0.000073 0.002740 93 27 100 168.080764 130.588825 0.102753 298.774889
8.000000 7.418773 4.928334 12.347107 0.000067 0.002635 93 27 100 168.068873 130.594983 0.105402 298.771932
8.500000 7.418103 4.928814 12.346917 0.000067 0.002538 93 27 100 168.057127 130.601007 0.107850 298.768665
9.000000 7.417517 4.929236 12.346754 0.000062 0.002447 93 27 100 168.046860 130.606307 0.110128 298.766085
9.500000 7.416937 4.929651 12.346587 0.000062 0.002363 93 27 100 168.036676 130.611517 0.112246 298.763233
10.000000 7.416426 4.930018 12.346444 0.000058 0.002285 93 27 100 168.027723 130.616126 0.114226 298.760964
